	D1	D2	D3	D4	D5	D6	D7	D8	D9	D10	D11	D12	D13	D14	D15	D16	D17	D18	D19	unknown
D20	0.001431229	0.001878635	0.004132523	0.04159967	0.004480168	0.043735788	0.06022316	0.048171622	0.006617707	0.211808931	0.010730031	0.053458079	0.002516221	0.091206642	0.014440504	0.001296683	0.086293055	0.140789066	0.075190286	0.1
D21	0.054241907	0.014619285	0.007383601	0.000247409	0.029470522	0.00058741	0.088640396	0.235040889	0.026912667	0.129781997	0.002679367	0.076066401	0.070144942	0.002996873	0.004377007	0.000141619	0.034122744	0.017750909	0.004794054	0.2
D22	0.12577933	0.001885246	0.004146591	0.023272296	0.035436244	0.102176397	0.010570906	0.002760829	0.012664565	0.052969028	0.034373024	0.01376491	0.149291408	0.007233836	0.027939794	0.028488062	0.028602935	0.00881889	0.029825709	0.3
D23	0.11421942	0.066934174	0.02453838	0.012575734	0.028537702	0.00246643	0.001682708	0.028022255	0.018278723	0.000961568	0.006728754	0.104955431	0.025572306	0.009958648	0.03163514	0.023797476	0.012098242	0.000872006	0.086164903	0.4
D24	0.025514037	0.018254427	0.007192091	0.041695272	0.001972783	0.037033533	0.010755954	0.045699032	0.039255606	0.01531153	0.081618137	0.036189505	0.013600073	0.006120884	0.017045163	0.029311101	0.044652296	0.020944124	0.00783445	0.5
D25	0.001086069	0.369139099	0.000146934	0.000247762	0.002801194	0.000331716	0.001381411	0.003371573	0.000271666	0.000751986	0.001510536	0.000725664	0.000944134	0.000476321	0.000561797	0.000122505	0.01462578	0.000509478	0.000994375	0.6
D26	0.010868913	0.015135191	0.023747308	0.000976682	0.008120252	0.005699574	0.014376142	0.000941066	0.035607724	0.00155474	0.003900485	0.011543073	0.022411519	0.049539048	0.067360586	0.00378712	0.000338718	0.016697202	0.007394656	0.7
D27	0.039217964	0.015662784	0.007633122	0.00044272	0.021662336	0.001356423	0.015200899	0.000394413	0.008182656	0.002338631	0.011122188	0.002127274	0.018725808	0.00481575	0.027353305	0.005009097	0.000712927	0.002666101	0.0153756	0.8
D28	0.000146883	0.001819501	0.000106493	0.004171306	0.001095452	0.000535537	0.001209134	0.001747159	0.003039782	0.014819589	0.014287517	0.011654901	0.004785131	0.006138946	0.001331358	0.008922981	0.003305056	0.011456049	0.009427227	0.9
