	D1	D2	D3	D4	D5	D6	D7	D8	D9	D10	D11	D12	D13	D14	D15	D16	D17	D18	D19	unknown
D20	0.00451992	0.075899985	0.008646377	0.038832823	0.042732381	0.018542575	0.199203106	0.034919264	0.001123078	0.048580255	0.032440742	0.01792439	0.0018651	0.003555208	0.141404816	0.102306645	0.059825446	0.038444823	0.029233067	0.1
D21	0.017638087	0.006630734	0.011685348	0.002099351	0.006460897	0.125571763	0.00810465	0.046114157	0.00729609	0.015820844	0.087133009	0.007911754	0.046795864	0.0023495	0.008129168	0.023173177	0.024225933	0.346169104	0.006690572	0.2
D22	0.013895302	0.000956473	0.054497778	0.008635092	0.053393237	0.023512888	0.020730598	0.006889132	0.030005283	0.007067636	0.002067777	0.002385698	0.015517087	0.00128909	0.001465465	0.438862943	0.016175939	0.001343688	0.001308896	0.3
D23	0.018879198	0.002797143	0.007010475	0.00083894	0.041690623	0.050597864	0.010900587	0.133503108	0.063411227	0.012829495	0.002165923	0.020154038	0.018478561	0.004151056	0.017970214	0.05434019	0.034059036	0.101996503	0.00422582	0.4
D24	0.290922182	0.02568702	0.001819053	0.000615862	0.00412111	0.001713055	0.00401733	0.002339715	0.00829731	0.004402075	0.003745171	0.012562579	0.022121596	0.005905926	0.034519615	0.008366807	0.042379183	0.014957157	0.011507254	0.5
D25	0.026380706	0.031596851	0.028511119	0.021472202	0.003861899	0.010615307	0.050485507	0.000638897	0.01251357	0.001939502	0.002068096	0.024693442	0.005521264	0.005230807	0.002416578	0.015550257	0.058996569	0.079282473	0.018224952	0.6
D26	0.005371571	0.032207355	0.012421855	0.005411276	0.001802906	0.019873225	0.030535698	0.060474159	0.007185931	0.000548114	0.057844075	0.021484961	0.000771334	0.000980352	0.003179375	0.035516856	3.15667E-05	0.000876552	0.003482838	0.7
D27	0.047607519	0.069409917	0.013486014	0.008533056	0.000110033	0.002380142	0.003384572	0.012172139	0.001402566	0.003918379	0.000952518	0.000413033	0.000627501	0.005005927	0.011961953	0.002175825	0.007793998	0.008553834	0.000111072	0.8
D28	0.000975666	0.001387648	0.000622972	0.004867504	0.00216931	0.00133855	0.002716317	0.036676801	0.000502209	0.00036922	0.002117436	0.010564075	0.001078837	0.001180476	0.015750522	0.005465581	0.002449415	0.0095696	0.000197862	0.9
