	D1	D2	D3	D4	D5	D6	D7	D8	D9	D10	D11	D12	D13	D14	D15	D16	D17	D18	D19	unknown
D20	0.009202592	0.029312677	0.006027431	0.086618406	0.049111444	0.085338481	0.048476651	0.043853598	0.05647612	0.010055782	0.217085899	0.01375248	0.011056782	0.009034549	0.044991029	0.063196845	0.015810139	0.006234728	0.094364368	0.1
D21	0.008494243	0.042945396	0.337024588	0.046252413	0.034694148	0.019391385	0.000785439	0.00776136	0.052657108	0.012843163	0.013527316	0.006749342	0.00128738	0.049778255	0.012954218	0.103173176	0.010155973	0.007551194	0.031973903	0.2
D22	0.018634038	0.002287741	0.004494865	0.08819436	0.013622898	0.075805203	0.004857309	0.003507162	0.099532963	0.011529215	0.021038784	0.00298522	0.066871068	0.051255798	0.007550053	0.136764791	0.063692233	0.025436861	0.001939438	0.3
D23	0.057851395	0.000624954	0.00142989	0.023718501	0.058492773	0.005209748	0.042023456	0.012517187	0.006616634	0.017114085	0.013360771	0.002901568	0.15830692	0.014437981	0.017157719	0.013233762	0.014191017	0.140430802	0.000380837	0.4
D24	0.020304286	0.013079979	0.010023861	0.038884451	0.010771586	0.089580162	0.020215529	0.010240901	0.021964952	0.056281216	0.003976296	0.032397093	0.08416912	0.002734025	0.03218229	0.004000119	0.036512378	0.007858255	0.004823501	0.5
D25	0.055870744	0.001012082	0.014914074	0.002081221	0.000611167	0.034384433	0.023804757	0.034070391	0.004795178	0.000595972	0.051566786	0.001687322	0.017232137	0.021483882	0.009504642	0.014718196	0.077833055	0.013414295	0.020419664	0.6
D26	0.000271108	0.019888267	0.003670987	0.009288329	0.005742622	0.008315533	0.000978455	0.004231646	0.010464074	0.01974237	0.009625712	0.01992459	0.049477825	0.013584516	0.020791847	0.02419524	0.066830685	0.009237995	0.003738198	0.7
D27	0.004651756	0.000108859	0.002390223	0.00377737	0.000322011	0.011471825	0.004140962	0.003559007	0.005117985	0.063938539	0.078480471	0.003416634	0.000384844	7.74307E-05	0.010634354	0.000283206	0.000172145	0.002371743	0.004700635	0.8
D28	0.000890042	0.000115736	0.004775084	0.0160591	0.003742337	0.000238562	0.020963581	0.00510744	0.002473421	0.003319645	0.02333607	0.003131664	0.000685561	0.007824452	0.001076332	0.000112824	0.003063947	0.002340207	0.000743995	0.9
